      0/99     2.06G   0.06112   0.01618   0.02577    0.1031        23       640  0.005042    0.4839  0.002618  0.000404   0.03424   0.01517   0.01164
      1/99     12.8G   0.06663   0.01576    0.0256     0.108        27       640  0.007319    0.5161  0.005133 0.0007731   0.03214   0.01443   0.01104
      2/99     14.4G   0.05929   0.01621   0.02087   0.09638        29       640   0.02351    0.6452    0.0196  0.004012   0.02854   0.01393   0.01013
      3/99     14.4G   0.05803   0.01571   0.01613   0.08987        23       640   0.04161    0.1613   0.03499   0.01093   0.02436   0.01358  0.009049
      4/99     14.4G   0.04922   0.01571   0.01296   0.07789        27       640    0.1665    0.4839     0.121   0.05299   0.01987   0.01328  0.007751
      5/99     14.4G   0.04911   0.01525   0.01121   0.07556        23       640    0.5669    0.6452     0.546    0.3076   0.01744   0.01284  0.006166
      6/99     14.4G   0.04913   0.01485  0.009711   0.07369        23       640         1    0.6452    0.8323    0.4015   0.01571   0.01218  0.005038
      7/99     14.4G   0.04338   0.01443  0.009115   0.06693        16       640    0.9871    0.8065    0.9422    0.5086   0.01663   0.01097  0.003854
      8/99     14.4G   0.04441   0.01274  0.006563   0.06372        25       640    0.9996    0.9677    0.9651    0.4702   0.01379    0.0105   0.00316
      9/99     14.4G   0.04918   0.01258  0.006268   0.06803        16       640    0.9995    0.9677    0.9651    0.6054   0.01279  0.009439  0.002416
     10/99     14.4G   0.04432   0.01135   0.00519   0.06086        18       640         1    0.8385    0.9651    0.6263   0.01197   0.00861  0.001822
     11/99     14.4G   0.03618   0.01065  0.004021   0.05086        23       640    0.9992    0.9677    0.9651    0.6709   0.01246  0.007753  0.001512
     12/99     14.4G   0.03979   0.01062  0.004108   0.05452        31       640    0.9999    0.9677    0.9651    0.6893   0.01008  0.007311  0.001284
     13/99     14.4G   0.04339    0.0104   0.00398   0.05777        24       640         1    0.9677    0.9651    0.7001   0.01137  0.006674  0.001113
     14/99     14.4G   0.03793  0.009731  0.003485   0.05115        32       640         1    0.9677     0.965    0.7285   0.01117  0.006242 0.0009938
     15/99     14.4G   0.04401  0.009695  0.003896    0.0576        26       640    0.9999    0.9677    0.9651    0.6926   0.01126   0.00613 0.0008411
     16/99     14.4G   0.03619   0.00916  0.003477   0.04883        33       640    0.9999    0.9677    0.9651    0.5954   0.01501  0.005684 0.0007477
     17/99     14.4G   0.03898  0.009645  0.003282    0.0519        30       640     0.997    0.9677    0.9651    0.5289    0.0113  0.005348 0.0007307
     18/99     14.4G   0.03129   0.00896  0.002253    0.0425        24       640         1    0.9677    0.9651    0.5646   0.01341  0.004997 0.0006768
     19/99     14.4G   0.03449  0.008975  0.002673   0.04614        33       640    0.9999    0.9677    0.9651     0.677   0.01147  0.004727 0.0006587
     20/99     14.4G   0.03828  0.008239  0.002378   0.04889        15       640    0.8571    0.9677    0.9422    0.6811   0.01117  0.004651 0.0006735
     21/99     12.8G   0.03915  0.007582  0.002378   0.04911        21       640    0.9475    0.6129    0.8174    0.2637   0.02116   0.00428   0.00069
     22/99     12.8G   0.04363  0.007872   0.00345   0.05495        24       640    0.8566    0.9677    0.8508     0.283   0.02682  0.003824 0.0008209
     23/99     12.8G   0.03035  0.007556   0.00228   0.04018        22       640    0.9999    0.9677    0.9651    0.6859   0.02123  0.004023  0.001012
     24/99     12.8G   0.03661  0.008187  0.002639   0.04743        24       640    0.9999    0.9677    0.9651    0.5473   0.02027  0.004399  0.001067
     25/99     12.8G   0.04174  0.007839  0.002665   0.05224        33       640    0.6664    0.9677    0.7651    0.4052   0.01808  0.005395   0.00109
     26/99     12.8G   0.02984  0.008388  0.003356   0.04158        32       640    0.8331    0.8065    0.7669    0.4157   0.01609  0.005413  0.001036
     27/99     12.8G   0.03446  0.007635  0.002462   0.04456        24       640    0.8571    0.9677    0.9194    0.5293   0.01307  0.005476 0.0008351
     28/99     12.8G   0.03333  0.008153  0.004163   0.04565        33       640    0.9987    0.8065    0.9251    0.4726   0.01789  0.004525 0.0007204
     29/99     12.8G   0.03236  0.007664  0.002104   0.04213        23       640    0.8303    0.8065    0.8584     0.366   0.01794  0.004539 0.0008062
     30/99     12.8G   0.03455  0.007965  0.003237   0.04575        31       640    0.9995    0.9677    0.9651    0.7105   0.01114  0.004648 0.0009125
     31/99     12.8G   0.03042  0.008394  0.003161   0.04198        25       640    0.9998    0.9677    0.9651    0.5261   0.01254   0.00451 0.0009203
     32/99     12.8G   0.02864  0.007452  0.002106    0.0382        22       640    0.9998    0.9677    0.9651    0.7136   0.01039  0.004182 0.0008834
     33/99     12.8G   0.03002  0.008058  0.003075   0.04116        29       640         1    0.9677    0.9651    0.6218  0.009998  0.003985 0.0008003
     34/99     12.8G   0.02916   0.00741  0.002163   0.03873        19       640    0.9999    0.9677     0.965    0.5556   0.01217  0.003929 0.0007401
     35/99     12.8G   0.02865  0.007402  0.002129   0.03818        31       640    0.7498    0.9677     0.845    0.4343   0.01537  0.004813 0.0007693
     36/99     12.8G   0.04025  0.006713  0.001957   0.04892        27       640    0.8571    0.9677    0.9422      0.69   0.01325  0.004812 0.0007835
     37/99     12.8G   0.04613  0.007318  0.002499   0.05594        26       640    0.9994    0.9677     0.965    0.5471   0.01543  0.004227 0.0007355
     38/99     12.8G   0.03814  0.007396  0.002257    0.0478        22       640         1    0.9677     0.965    0.7381   0.01396  0.004163 0.0008019
     39/99     12.8G   0.04054  0.007127  0.002223   0.04989        24       640    0.8469    0.9677    0.9193    0.6268   0.01315  0.004437 0.0008199
     40/99     12.8G   0.02505  0.007011  0.001738    0.0338        33       640    0.9999    0.9677    0.9651    0.5117   0.01488  0.004252  0.000899
     41/99     12.8G   0.03269  0.006999  0.001836   0.04152        25       640         1    0.9677    0.9651    0.6948   0.01112  0.004115 0.0008478
     42/99     12.8G    0.0337  0.007374  0.001909   0.04298        25       640    0.9999    0.9677    0.9651    0.7073  0.008816  0.003841 0.0007884
     43/99     12.8G   0.02743  0.007377  0.001858   0.03666        20       640    0.9999    0.9677    0.9651    0.7067  0.009337  0.003802 0.0007333
     44/99     12.8G   0.03227  0.006823  0.001823   0.04092        22       640       0.8    0.6452    0.7228     0.329   0.01628  0.006713   0.00122
     45/99     12.8G   0.02767  0.008543  0.001913   0.03812        26       640    0.9323    0.9032    0.8911    0.5004   0.01277  0.006448 0.0009062
     46/99     12.8G   0.03549  0.008429  0.001813   0.04573        27       640         1    0.9677    0.9651    0.7327   0.01064  0.004494 0.0006784
     47/99     12.8G   0.03801  0.007412  0.002249   0.04767        25       640     0.857    0.9677    0.9422    0.5363   0.01233   0.00401  0.000647
     48/99     12.8G   0.03615   0.00761  0.002352   0.04611        19       640    0.9999    0.9677    0.9651    0.6158   0.01171  0.003575 0.0007268
     49/99     12.8G   0.01937  0.007512  0.001649   0.02853        28       640    0.9999    0.9677    0.9651    0.6799   0.01017  0.003338 0.0007315
     50/99     12.8G   0.02584  0.007019  0.001616   0.03448        29       640         1    0.9677    0.9652    0.6454   0.01036  0.003258  0.000712
     51/99     12.8G   0.02798  0.007079  0.001567   0.03662        23       640         1    0.9677    0.9652    0.5633   0.01018  0.003176  0.000673
     52/99     12.8G   0.02094  0.007624  0.001705   0.03027        28       640         1    0.9677    0.9652    0.6801  0.009017  0.003293 0.0006621
     53/99     12.8G   0.02852  0.007497  0.001693   0.03771        24       640         1    0.9677    0.9651    0.7607  0.009403  0.003678 0.0006434
     54/99     12.8G   0.02603  0.007007  0.001626   0.03466        22       640    0.7498    0.9677    0.8984    0.5636   0.01099  0.004311 0.0006224
     55/99     12.8G    0.0327  0.006876  0.001501   0.04108        24       640    0.9999    0.9677    0.9651    0.7294  0.008365  0.004073 0.0006398
     56/99     12.8G   0.02413  0.006641  0.001404   0.03218        20       640    0.9999    0.9677    0.9651    0.6845  0.007784  0.003722  0.000611
     57/99     12.8G   0.03513   0.00691  0.001494   0.04354        29       640    0.9999    0.9677    0.9651    0.7068  0.007099  0.003413 0.0005896
     58/99     12.8G   0.02887  0.006519   0.00153   0.03692        28       640         1    0.9677    0.9651    0.7526   0.00773  0.003259 0.0006042
     59/99     12.8G   0.01846  0.007029   0.00169   0.02718        33       640    0.9999    0.8065    0.9118     0.668   0.01031  0.003196  0.000615
     60/99     12.8G   0.02963   0.00684  0.001625    0.0381        28       640    0.9999    0.9677    0.9651    0.7853  0.007129  0.003242 0.0006147
     61/99     12.8G   0.02233  0.006202   0.00118   0.02971        23       640         1    0.9677    0.9651    0.8461  0.005996  0.003112 0.0006027
     62/99     12.8G   0.02527  0.006754  0.001321   0.03335        20       640    0.8571    0.9677    0.9423    0.6538  0.008552  0.002929 0.0005492
     63/99     12.8G   0.02026  0.007038  0.001174   0.02847        41       640    0.9999    0.9677    0.9651    0.7533  0.006344  0.002861 0.0005689
     64/99     12.8G   0.02754  0.006428  0.001172   0.03514        25       640         1    0.9677    0.9652    0.7111  0.009326  0.003005 0.0006092
     65/99     12.8G   0.02083  0.006464  0.001345   0.02864        27       640         1    0.9677    0.9651    0.7932   0.00758  0.003062 0.0006529
     66/99     12.8G   0.02493  0.006701  0.001556   0.03319        21       640         1    0.9677    0.9652    0.8009  0.006083   0.00301 0.0006506
     67/99     12.8G   0.01664  0.006796  0.001407   0.02484        25       640    0.8571    0.9677    0.9423    0.6286  0.009821  0.002817 0.0006137
     68/99     12.8G    0.0248  0.006529  0.001416   0.03275        25       640         1    0.9677    0.9652    0.8227  0.009135   0.00267 0.0006319
     69/99     12.8G   0.01567  0.006724  0.001244   0.02364        28       640    0.9999    0.9677    0.9653    0.6828   0.01092  0.002743 0.0006337
     70/99     12.8G    0.0333  0.006188  0.001528   0.04102        29       640         1    0.9677    0.9653    0.7948  0.007267  0.002758 0.0006367
     71/99     12.8G   0.01663  0.006364   0.00113   0.02412        23       640         1    0.9677    0.9653    0.7463  0.007669   0.00279 0.0006327
     72/99     12.8G   0.01587  0.006769  0.001179   0.02382        25       640         1    0.9677    0.9653    0.7665  0.006671  0.002838 0.0006447
     73/99     12.8G   0.03331  0.006881  0.001454   0.04164        33       640         1    0.9677    0.9652    0.7016  0.007053  0.002826 0.0006148
     74/99     12.8G   0.01752  0.006508   0.00114   0.02517        24       640         1    0.9677    0.9652    0.7212  0.007798  0.002801 0.0006136
     75/99     12.8G   0.01616  0.005863  0.001056   0.02308        26       640         1    0.9677    0.9652    0.8028  0.007439  0.002798 0.0006262
     76/99     12.8G   0.02192  0.005886  0.001228   0.02904        20       640         1    0.9677    0.9652    0.7576  0.006994  0.002753 0.0006123
     77/99     12.8G   0.02112  0.006414  0.001215   0.02874        25       640         1    0.9677    0.9653      0.85   0.00585  0.002686 0.0006044
     78/99     12.8G   0.02571  0.006688  0.001288   0.03369        32       640         1    0.9677    0.9653    0.8476  0.005605  0.002613 0.0005857
     79/99     12.8G   0.02051   0.00547  0.001107   0.02709        23       640         1    0.9677    0.9653    0.8116  0.005971  0.002636 0.0005785
     80/99     12.8G   0.02315  0.005128  0.001112   0.02939        15       640         1    0.9677    0.9653    0.8253  0.005912  0.002676  0.000579
     81/99     12.8G    0.0254    0.0064  0.001323   0.03312        37       640    0.9999    0.9677    0.9653    0.8641  0.005398   0.00265 0.0005807
     82/99     12.8G   0.01738  0.005712  0.001203    0.0243        25       640         1    0.9677    0.9654    0.8814  0.005152   0.00254 0.0005581
     83/99     12.8G   0.01498  0.006677   0.00124    0.0229        30       640         1    0.9677    0.9655    0.7844  0.007717  0.002522 0.0005425
     84/99     12.8G   0.02055  0.005992   0.00109   0.02764        23       640         1    0.9677    0.9655    0.8194  0.005911  0.002548 0.0005527
     85/99     12.8G   0.03302  0.005844   0.00141   0.04027        28       640         1    0.9677    0.9654    0.8261  0.006885  0.002554 0.0005481
     86/99     12.8G   0.02087  0.005565  0.001327   0.02776        21       640         1    0.9677    0.9655    0.8597  0.005872  0.002465 0.0005328
     87/99     12.8G   0.02681  0.006584  0.001218   0.03461        33       640         1    0.9677    0.9654    0.9001   0.00469  0.002505 0.0005225
     88/99     12.8G   0.03057  0.006097  0.001454   0.03812        18       640         1    0.9677    0.9653    0.8606  0.005194  0.002591 0.0005142
     89/99     12.8G   0.02485  0.006099   0.00152   0.03247        29       640         1    0.9677    0.9653    0.8308  0.005905  0.002626 0.0005024
     90/99     12.8G   0.01944  0.005196 0.0009272   0.02556        21       640         1    0.9677    0.9652    0.8409  0.005642  0.002763 0.0004938
     91/99     12.8G   0.02625  0.006102  0.001104   0.03346        25       640         1    0.9677    0.9652    0.8489  0.004281  0.002764  0.000481
     92/99     12.8G    0.0241  0.006935  0.001235   0.03227        36       640         1    0.9677    0.9651    0.8294  0.004523   0.00274 0.0004686
     93/99     12.8G   0.01844  0.005555 0.0009511   0.02495        22       640         1    0.9677    0.9651    0.8858  0.004282  0.002675 0.0004582
     94/99     12.8G   0.01895  0.006109 0.0009542   0.02602        28       640    0.9999    0.9677    0.9651    0.8572  0.005098  0.002678 0.0004468
     95/99     12.8G   0.03169  0.006467   0.00105   0.03921        24       640    0.9999    0.9677    0.9651    0.8641  0.004944  0.002669 0.0004464
     96/99     12.8G   0.02035  0.006966  0.001046   0.02836        25       640         1    0.9677    0.9652    0.8807  0.004714  0.002701 0.0004438
     97/99     12.8G   0.02031  0.005592  0.001214   0.02712        34       640    0.9999    0.9677    0.9652    0.8858  0.004299  0.002708 0.0004394
     98/99     12.8G   0.02539  0.006056  0.001011   0.03246        25       640         1    0.9677    0.9652    0.8376  0.004795  0.002689 0.0004313
     99/99     12.8G   0.02602  0.005455 0.0009536   0.03242        30       640         1    0.9677    0.9651    0.8831  0.004224  0.002725 0.0004302
